0 0.7164971694456777 0.34170525363758686 0.20326086649574815 0.10620896606404945
0 0.9433139378031694 0.2369420486805579 0.0690991593492919 0.043903283021720085
0 0.6595967787843486 0.029446269602664197 0.10352551156693368 0.0543885960076955
0 0.6349564711744884 0.4891704660008377 0.19053959814515464 0.10732391182124196
0 0.7858766151097801 0.6114449916574145 0.061430534658232894 0.0399991972971826
0 0.557343829103232 0.7645443645673633 0.07550087105639325 0.04776230894842237
0 0.6797690363812694 0.8700033636907738 0.060116841783059205 0.034920891645339514
0 0.3791170104712856 0.7056353969815188 0.10497903031407929 0.07093330250730612
0 0.22747566133568548 0.8689831701637777 0.05120509810969831 0.033538255429081065
0 0.10943737429000255 0.9747740644391869 0.08177477769191582 0.04145471494006636
0 0.04342480995499967 0.8233873494971367 0.08432947136295674 0.04021202412883007
0 0.04959920431353208 0.36349150057418617 0.052542704329157114 0.0411830863954602
0 0.3713695658861546 0.513438460273336 0.10863732517951263 0.05573590940408063
